readb,FUNC_0
adpt_read_blink_led,FUNC_1
host,VAR_0
