atoi,FUNC_0
calloc,FUNC_1
demo_isegmenter,FUNC_2
find_arg,FUNC_3
find_char_arg,FUNC_4
find_int_arg,FUNC_5
fprintf,FUNC_6
gpu_index,VAR_0
predict_isegmenter,FUNC_7
printf,FUNC_8
stderr,VAR_1
strchr,FUNC_9
strcmp,FUNC_10
strlen,FUNC_11
train_isegmenter,FUNC_12
run_isegmenter,FUNC_13
argc,VAR_2
argv,VAR_3
gpu_list,VAR_4
gpus,VAR_5
gpu,VAR_6
ngpus,VAR_7
len,VAR_8
i,VAR_9
cam_index,VAR_10
clear,VAR_11
display,VAR_12
data,VAR_13
cfg,VAR_14
weights,VAR_15
filename,VAR_16
