J4AC_android_media_MediaCodec__release,FUNC_0
J4A_ExceptionCheck__catchAll,FUNC_1
J4AC_android_media_MediaCodec__release__catchAll,FUNC_2
env,VAR_0
thiz,VAR_1
