EAP_TYPE_MSCHAPV2,VAR_0
EAP_VENDOR_IETF,VAR_1
FAILURE,VAR_2
MSCHAPV2_OP_SUCCESS,VAR_3
MSG_DEBUG,VAR_4
SUCCESS,VAR_5
eap_hdr_validate,FUNC_0
wpa_printf,FUNC_1
eap_mschapv2_process_success_resp,FUNC_2
sm,VAR_6
data,VAR_7
respData,VAR_8
resp,VAR_9
pos,VAR_10
len,VAR_11
