skb_set_queue_mapping,FUNC_0
set_wr_txq,FUNC_1
skb,VAR_0
prio,VAR_1
queue,VAR_2
