DRIVER_FLAGS_DMA_ACTIVE,VAR_0
DRIVER_FLAGS_FINAL,VAR_1
EINPROGRESS,VAR_2
ahash_request_ctx,FUNC_0
dev_dbg,FUNC_1
img_hash_start,FUNC_2
tasklet_schedule,FUNC_3
img_hash_write_via_dma,FUNC_4
hdev,VAR_3
ctx,VAR_4
