assert,FUNC_0
tsd_arenap_get_unsafe,FUNC_1
tsd_arenas_tdata_bypassp_get_unsafe,FUNC_2
tsd_arenas_tdatap_get_unsafe,FUNC_3
tsd_iarenap_get_unsafe,FUNC_4
tsd_nominal,FUNC_5
tsd_prof_tdatap_get_unsafe,FUNC_6
tsd_tcache_enabledp_get_unsafe,FUNC_7
assert_tsd_data_cleanup_done,FUNC_8
tsd,VAR_0
