find_dir_entry,FUNC_0
lazy_init_name_hash,FUNC_1
memcpy,FUNC_2
adjust_dirname_case,FUNC_3
istate,VAR_0
name,VAR_1
startPtr,VAR_2
ptr,VAR_3
dir,VAR_4
