MAP_FAILED,VAR_0
MAP_SHARED,VAR_1
enable_ksm,VAR_2
errno,VAR_3
memory_file_mmap,FUNC_0
memory_file_mmap_ksm,FUNC_1
mymmap,FUNC_2
filename,VAR_4
size,VAR_5
flags,VAR_6
ksm,VAR_7
mem,VAR_8
