GTK_LIST_STORE,FUNC_0
HB_ACODEC_AUTO_PASS,VAR_0
TRUE,VAR_1
g_free,FUNC_1
g_strdup_printf,FUNC_2
gtk_combo_box_get_model,FUNC_3
gtk_list_store_append,FUNC_4
gtk_list_store_clear,FUNC_5
gtk_list_store_set,FUNC_6
hb_audio_encoder_get_next,FUNC_7
ghb_audio_encoder_opts_set_with_mask,FUNC_8
combo,VAR_2
mask,VAR_3
neg_mask,VAR_4
iter,VAR_5
store,VAR_6
str,VAR_7
enc,VAR_8
