TRACE,FUNC_0
_dump_executedata,FUNC_1
lpData,VAR_0
