E_ARGUMENT_ERROR,VAR_0
RSTRING_LEN,FUNC_0
RSTRING_PTR,FUNC_1
mrb_fixnum_value,FUNC_2
mrb_raise,FUNC_3
mrb_str_ord,FUNC_4
mrb,VAR_1
str,VAR_2
