get_hashfunc_04,FUNC_0
arg1,VAR_0
arg2,VAR_1
result,VAR_2
