XDP_ACTION_MAX,VAR_0
xdp_action_names,VAR_1
action2str,FUNC_0
action,VAR_2
