__floatdidf,FUNC_0
a,VAR_0
