PKCS12_SAFEBAG_get0_type,FUNC_0
bag,VAR_0
