nv_mask,FUNC_0
nve0_fifo_uevent_enable,FUNC_1
event,VAR_0
index,VAR_1
priv,VAR_2
