USB_DIR_OUT,VAR_0
USB_RECIP_DEVICE,VAR_1
USB_TYPE_VENDOR,VAR_2
usb_control_msg,FUNC_0
usb_sndctrlpipe,FUNC_1
stk_camera_write_reg,FUNC_2
dev,VAR_3
index,VAR_4
value,VAR_5
udev,VAR_6
ret,VAR_7
