ASSERT,FUNC_0
XFS_DATA_FORK,VAR_0
XFS_DIR2_FREE_OFFSET,VAR_1
XFS_DIR2_LEAF1_MAGIC,VAR_2
XFS_DIR2_LEAFN_MAGIC,VAR_3
XFS_DIR2_LEAF_OFFSET,VAR_4
xfs_da_get_buf,FUNC_1
xfs_dir2_byte_to_db,FUNC_2
xfs_dir2_db_to_da,FUNC_3
xfs_dir3_leaf_init,FUNC_4
xfs_dir3_leaf_log_header,FUNC_5
xfs_dir3_leaf_log_tail,FUNC_6
xfs_dir3_leaf_get_buf,FUNC_7
args,VAR_5
bno,VAR_6
bpp,VAR_7
magic,VAR_8
dp,VAR_9
tp,VAR_10
mp,VAR_11
bp,VAR_12
error,VAR_13
