EBUSY,VAR_0
EINVAL,VAR_1
ERANGE,VAR_2
V4L2_CTRL_FLAG_DISABLED,VAR_3
V4L2_CTRL_FLAG_GRABBED,VAR_4
V4L2_CTRL_TYPE_BITMASK,VAR_5
V4L2_CTRL_TYPE_BUTTON,VAR_6
V4L2_CTRL_TYPE_CTRL_CLASS,VAR_7
V4L2_CTRL_TYPE_INTEGER64,VAR_8
V4L2_CTRL_TYPE_MENU,VAR_9
V4L2_CTRL_TYPE_STRING,VAR_10
v4l2_ctrl_check,FUNC_0
ctrl,VAR_11
qctrl,VAR_12
menu_items,VAR_13
