extract_field,FUNC_0
frame,VAR_0
nb_planes,VAR_1
type,VAR_2
i,VAR_3
