EINVAL,VAR_0
ENODEV,VAR_1
XHCI_STATE_HALTED,VAR_2
hcd_to_xhci,FUNC_0
pr_debug,FUNC_1
xhci_dbg,FUNC_2
xhci_check_args,FUNC_3
hcd,VAR_3
udev,VAR_4
ep,VAR_5
check_ep,VAR_6
check_virt_dev,VAR_7
func,VAR_8
xhci,VAR_9
virt_dev,VAR_10
