MMAL_SUCCESS,VAR_0
mmal_port_buffer_header_callback,FUNC_0
mmal_queue_get,FUNC_1
mmal_port_clock_flush,FUNC_2
port,VAR_1
buffer,VAR_2
