RIORAP_FD,FUNC_0
RIORAP_IS_VALID,FUNC_1
R_FREE,FUNC_2
eprintf,FUNC_3
r_socket_close,FUNC_4
__rap_close,FUNC_5
fd,VAR_0
ret,VAR_1
r,VAR_2
