h2,FUNC_0
b,VAR_0
p,VAR_1
