MF_MISSILE,VAR_0
MF_PICKUP,VAR_1
MF_SHOOTABLE,VAR_2
MF_SKULLFLY,VAR_3
MF_SOLID,VAR_4
MF_SPECIAL,VAR_5
MT_BRUISER,VAR_6
MT_KNIGHT,VAR_7
MT_PLAYER,VAR_8
P_DamageMobj,FUNC_0
P_Random,FUNC_1
P_SetMobjState,FUNC_2
P_TouchSpecialThing,FUNC_3
abs,FUNC_4
tmflags,VAR_9
tmthing,VAR_10
tmx,VAR_11
tmy,VAR_12
PIT_CheckThing,FUNC_5
thing,VAR_13
blockdist,VAR_14
solid,VAR_15
damage,VAR_16
