EINVAL,VAR_0
V4L2_COLORSPACE_SMPTE170M,VAR_1
V4L2_PIX_FMT_UYVY,VAR_2
V4L2_STD_525_60,VAR_3
v4l2_warn,FUNC_0
video_drvdata,FUNC_1
vidioc_try_fmt_vid_cap,FUNC_2
file,VAR_4
priv,VAR_5
f,VAR_6
vip,VAR_7
interlace_lim,VAR_8
