ngx_close_connection,FUNC_0
ngx_destroy_pool,FUNC_1
ngx_ssl_shutdown,FUNC_2
ngx_http_lua_socket_tcp_close_connection,FUNC_3
c,VAR_0
