ARRAY_SIZE,FUNC_0
audio_map,VAR_0
snd_soc_dapm_add_routes,FUNC_1
snd_soc_dapm_new_controls,FUNC_2
snd_soc_dapm_new_widgets,FUNC_3
wm9712_dapm_widgets,VAR_1
wm9712_add_widgets,FUNC_4
codec,VAR_2
