MII_LXT970_CONFIG,VAR_0
phy_write,FUNC_0
lxt970_config_init,FUNC_1
phydev,VAR_1
