alloc_assert,FUNC_0
nn_alloc,FUNC_1
nn_xpub_init,FUNC_2
nn_xpub_sockbase_vfptr,VAR_0
nn_xpub_create,FUNC_3
hint,VAR_1
sockbase,VAR_2
self,VAR_3
