cancel_delayed_work_sync,FUNC_0
netif_device_detach,FUNC_1
netif_running,FUNC_2
pci_get_drvdata,FUNC_3
pci_save_state,FUNC_4
qlcnic_83xx_disable_mbx_intr,FUNC_5
qlcnic_cancel_idc_work,FUNC_6
qlcnic_down,FUNC_7
qlcnic_83xx_shutdown,FUNC_8
pdev,VAR_0
adapter,VAR_1
netdev,VAR_2
retval,VAR_3
