COMM_IMAGE_QUALITY,VAR_0
COMM_IMAGE_QUALITY_FINE,VAR_1
COMM_IMAGE_QUALITY_NORMAL,VAR_2
COMM_IMAGE_QUALITY_SUPERFINE,VAR_3
s5c73m3_isp_command,FUNC_0
s5c73m3_set_jpeg_quality,FUNC_1
state,VAR_4
quality,VAR_5
reg,VAR_6
