isalnum,FUNC_0
isvarchar,FUNC_1
c,VAR_0
