r_append_U_to_stems_ending_with_d_or_g,FUNC_0
r_is_reserved_word,FUNC_1
r_post_process_last_consonants,FUNC_2
r_postlude,FUNC_3
z,VAR_0
m1,VAR_1
ret,VAR_2
m2,VAR_3
ret,VAR_4
m3,VAR_5
ret,VAR_6
