PATH_MAX_LENGTH,VAR_0
fill_pathname_abbreviate_special,FUNC_0
free,FUNC_1
malloc,FUNC_2
path_char_is_slash,FUNC_3
strlen,FUNC_4
is_path_accessible_using_standard_io,FUNC_5
path,VAR_1
