FLXADDR_ROMSTAT_CURSENSECTL,VAR_0
FLX_ROMSTAT_SEECFG,VAR_1
FLX_ROMSTAT_SEE_NONE,VAR_2
ahd_read_flexport,FUNC_0
ahd_acquire_seeprom,FUNC_1
ahd,VAR_3
