A5XX_RB_BLEND_RED_SINT__MASK,VAR_0
A5XX_RB_BLEND_RED_SINT__SHIFT,VAR_1
A5XX_RB_BLEND_RED_SINT,FUNC_0
val,VAR_2
