Pelif,FUNC_0
keyword,VAR_0
memcpy,FUNC_1
Mpass,FUNC_2
