MPASS,FUNC_0
M_FUSEMSG,VAR_0
crfree,FUNC_1
curthread,VAR_1
free,FUNC_2
knlist_delete,FUNC_3
knlist_destroy,FUNC_4
mtx_destroy,FUNC_5
sx_destroy,FUNC_6
fdata_trydestroy,FUNC_7
data,VAR_2
