B,VAR_0
bbs_next_random_byte,FUNC_0
buffer,VAR_1
qleft,VAR_2
qsize,VAR_3
qtotal,VAR_4
random_get_hex_bytes,FUNC_1
s,VAR_5
size,VAR_6
hcyf,VAR_7
r,VAR_8
c,VAR_9
t,VAR_10
c,VAR_11
