clos_priority_type,VAR_0
isst_display_result,FUNC_0
isst_pm_qos_config,FUNC_1
outf,VAR_1
perror,FUNC_2
enable_clos_qos_config,FUNC_3
cpu,VAR_2
arg1,VAR_3
arg2,VAR_4
arg3,VAR_5
arg4,VAR_6
ret,VAR_7
status,VAR_8
