Assert,FUNC_0
STATUS_OK,VAR_0
_usb_device_irq_bits,VAR_1
usb_device_register_callback,FUNC_1
module_inst,VAR_2
callback_type,VAR_3
callback_func,VAR_4
