CloseThemeData,FUNC_0
GetWindowTheme,FUNC_1
OpenThemeData,FUNC_2
WS_BORDER,VAR_0
themeClass,VAR_1
theme_changed,FUNC_3
infoPtr,VAR_2
theme,VAR_3
