blk_get_integrity,FUNC_0
integrity_profile_exists,FUNC_1
disk,VAR_0
