assert,FUNC_0
iov_consume,FUNC_1
iov,VAR_0
num_iov,VAR_1
len,VAR_2
i,VAR_3
used,VAR_4
