GetVDPAUOpaqueDevice,FUNC_0
vdp_release_x11,FUNC_1
DecoderDeviceClose,FUNC_2
device,VAR_0
