AudioTrack_ResetPlaybackHeadPosition,FUNC_0
AudioTrack_ResetPositions,FUNC_1
AudioTrack_Reset,FUNC_2
env,VAR_0
p_aout,VAR_1
p_sys,VAR_2
