__cfq_set_active_queue,FUNC_0
cfq_get_next_queue,FUNC_1
cfq_set_active_queue,FUNC_2
cfqd,VAR_0
cfqq,VAR_1
