BIO_RW_AHEAD,VAR_0
BIO_RW_BARRIER,VAR_1
BIO_RW_DISCARD,VAR_2
BIO_RW_FLUSH,VAR_3
BIO_RW_FUA,VAR_4
BIO_RW_META,VAR_5
BIO_RW_NOIDLE,VAR_6
BIO_RW_SYNCIO,VAR_7
REQ_DISCARD,VAR_8
REQ_FAILFAST_MASK,VAR_9
REQ_FLUSH,VAR_10
REQ_FUA,VAR_11
REQ_HARDBARRIER,VAR_12
REQ_NOIDLE,VAR_13
REQ_RW_META,VAR_14
REQ_RW_SYNC,VAR_15
REQ_TYPE_FS,VAR_16
bio_prio,FUNC_0
bio_rw_flagged,FUNC_1
blk_rq_bio_prep,FUNC_2
init_request_from_bio,FUNC_3
req,VAR_17
bio,VAR_18
