EINVAL,VAR_0
ENOMEM,VAR_1
ERR_PTR,FUNC_0
INIT_LIST_HEAD,FUNC_1
__spi_replace_transfers_release,VAR_2
dev_err,FUNC_2
inserted_transfers,VAR_3
list_add,FUNC_3
list_move_tail,FUNC_4
list_splice,FUNC_5
memcpy,FUNC_6
spi_res_add,FUNC_7
spi_res_alloc,FUNC_8
spi_res_free,FUNC_9
struct_size,FUNC_10
spi_replace_transfers,FUNC_11
msg,VAR_4
xfer_first,VAR_5
remove,VAR_6
insert,VAR_7
release,VAR_8
extradatasize,VAR_9
gfp,VAR_10
rxfer,VAR_11
xfer,VAR_12
i,VAR_13
