BCM_ENETSW_STATS_LEN,VAR_0
ENETSW_MIB_REG,FUNC_0
bcm_enetsw_gstrings_stats,VAR_1
enetsw_readl,FUNC_1
netdev_priv,FUNC_2
bcm_enetsw_get_ethtool_stats,FUNC_3
netdev,VAR_2
stats,VAR_3
data,VAR_4
priv,VAR_5
i,VAR_6
s,VAR_7
lo,VAR_8
hi,VAR_9
p,VAR_10
reg,VAR_11
s,VAR_12
p,VAR_13
