CONFIG_EXYNOS_IOMMU,VAR_0
IS_ENABLED,FUNC_0
drm_iommu_detach_device,FUNC_1
exynos_drm_unregister_dma,FUNC_2
drm,VAR_1
dev,VAR_2
