XLOG_SEQ_LOG,VAR_0
XLR_INFO_MASK,VAR_1
XLogRecGetData,FUNC_0
XLogRecGetInfo,FUNC_1
appendStringInfo,FUNC_2
seq_desc,FUNC_3
buf,VAR_2
record,VAR_3
rec,VAR_4
info,VAR_5
xlrec,VAR_6
