DZ_TCR,VAR_0
dz_in,FUNC_0
dz_out,FUNC_1
spin_lock_irqsave,FUNC_2
spin_unlock_irqrestore,FUNC_3
to_dport,FUNC_4
dz_break_ctl,FUNC_5
uport,VAR_1
break_state,VAR_2
dport,VAR_3
flags,VAR_4
tmp,VAR_5
mask,VAR_6
