CFRelease,FUNC_0
CFURLCopyFileSystemPath,FUNC_1
CTFontDescriptorCopyAttribute,FUNC_2
FromCFString,FUNC_3
kCFStringEncodingUTF8,VAR_0
kCFURLPOSIXPathStyle,VAR_1
kCTFontURLAttribute,VAR_2
getPathForFontDescription,FUNC_4
fontDescriptor,VAR_3
url,VAR_4
path,VAR_5
retPath,VAR_6
