lbs_iface_active,FUNC_0
lbs_set_11d_domain_info,FUNC_1
memcpy,FUNC_2
wiphy_priv,FUNC_3
lbs_reg_notifier,FUNC_4
wiphy,VAR_0
request,VAR_1
priv,VAR_2
