PARSE_ERR,VAR_0
asmparser_message,FUNC_0
set_parse_status,FUNC_1
asmparser_predicate_unsupported,FUNC_2
This,VAR_1
predicate,VAR_2
