uv_loop_set_data,FUNC_0
loop,VAR_0
data,VAR_1
