EINVAL,VAR_0
RDT_MAP,VAR_1
RDT_STRING,VAR_2
libretrodb_validate_document,FUNC_0
doc,VAR_3
i,VAR_4
key,VAR_5
value,VAR_6
rv,VAR_7
