strcmp,FUNC_0
element_compare_symbol,FUNC_1
n1,VAR_0
n2,VAR_1
c1,VAR_2
c2,VAR_3
rv,VAR_4
