IS_ERR,FUNC_0
MODE_SET_DB,VAR_0
NOP,VAR_1
PTR_ERR,FUNC_1
READ_BLOCK_ID,VAR_2
TO_RBI,VAR_3
tape_alloc_request,FUNC_2
tape_ccw_cc,FUNC_3
tape_ccw_end,FUNC_4
tape_do_io,FUNC_5
tape_free_request,FUNC_6
tape_std_read_block_id,FUNC_7
device,VAR_4
id,VAR_5
request,VAR_6
rc,VAR_7
