ts_interrupt_main,FUNC_0
corgi_ts_timer,FUNC_1
data,VAR_0
corgits_data,VAR_1
