AXP20X_CHRG_CTRL1_TGT_CURR,VAR_0
EINVAL,VAR_1
axp20x_get_constant_charge_current,FUNC_0
axp20x_set_constant_charge_current,FUNC_1
dev_warn,FUNC_2
axp20x_set_max_constant_charge_current,FUNC_3
axp,VAR_2
charge_current,VAR_3
lower_max,VAR_4
current_cc,VAR_5
