types,VAR_0
event_dump_init,FUNC_0
d,VAR_1
type_id,VAR_2
