rgb_matrix_set_suspend_state,FUNC_0
suspend_wakeup_init_user,FUNC_1
suspend_wakeup_init_kb,FUNC_2
