GIT_ITEROVER,VAR_0
assert,FUNC_0
git_revwalk_next,FUNC_1
insert_commit,FUNC_2
mark_edges_uninteresting,FUNC_3
retrieve_object,FUNC_4
git_packbuilder_insert_walk,FUNC_5
pb,VAR_1
walk,VAR_2
error,VAR_3
id,VAR_4
obj,VAR_5
