rcu_bh_state,VAR_0
rcu_batches_completed_bh,FUNC_0
