sd_pr_command,FUNC_0
sd_pr_type,FUNC_1
sd_pr_preempt,FUNC_2
bdev,VAR_0
old_key,VAR_1
new_key,VAR_2
type,VAR_3
abort,VAR_4
