MV88E6XXX_G1_MAC_01,VAR_0
MV88E6XXX_G1_MAC_23,VAR_1
MV88E6XXX_G1_MAC_45,VAR_2
mv88e6xxx_g1_write,FUNC_0
mv88e6xxx_g1_set_switch_mac,FUNC_1
chip,VAR_3
addr,VAR_4
reg,VAR_5
err,VAR_6
